android.stackexchange.com	67	1	32
apple.stackexchange.com	66	2	32
askubuntu.com	50	0	50
codereview.stackexchange.com	54	1	45
dba.stackexchange.com	77	1	22
electronics.stackexchange.com	70	0	30
english.stackexchange.com	44	7	49
gamedev.stackexchange.com	66	0	34
gaming.stackexchange.com	31	4	65
gis.stackexchange.com	62	1	37
math.stackexchange.com	66	0	34
mathoverflow.net	88	0	12
meta.stackexchange.com	62	4	34
physics.stackexchange.com	61	1	38
programmers.stackexchange.com	62	3	35
security.stackexchange.com	54	1	45
serverfault.com	76	1	23
stackoverflow.com	78	1	21
stats.stackexchange.com	62	1	37
superuser.com	56	0	44
tex.stackexchange.com	64	4	32
unix.stackexchange.com	53	0	47
ux.stackexchange.com	67	4	29
webapps.stackexchange.com	66	5	29
webmasters.stackexchange.com	71	1	28
wordpress.stackexchange.com	67	4	29
